% Code by Ehsan Mirzakhalili mirzakh@umich.edu
% https://doi.org/10.1371/journal.pone.0201302
YU=[254 198 123]/255;YT=[64 116 155]/255;
AU=[255 153 0]/255;AT=[32 58 78]/255;
MO=[0,0,0];EX=[205 37 101]/255;
F2=[0,153,0]/255;
GR=[128,128,128]/255;
ST='r';